$ANSIBLE_VAULT;1.1;AES256
33633032336435633037633365363933393663373162633063386631306466383336636432313736
3031613131323937636462303233393264306237646432660a393338636265303839333662396634
39316432646435613933373930376639303037363332623437333762303133336536613734626663
3464316333373130350a306164366335353065336136613038376662653633313839373332366433
66383430366561313566666266383032633831393331366562333162636638613761386164313734
35326131313161663066393264353934313964343062353133356135616230663464393437373830
31333437343465626562306134376362363030643238663933373934303063623733333464316336
30343138323239383630386164343134623237363762353034343331326662303763323536313935
63353265623966623131313936616236633037383336666539616631653162353365313033656230
38336536633738636230306237666239323330633066363733393661366538643735333930666434
31333438663463346534343963663733383461623165623266353039623963613538636534303937
31383965353335373333393763323534366432373366626363616164376564373930633461313135
36336165393363656235336134623137393565653965396466383764343164333831316536313233
63376537613438326632333566343231646237343139333231373063646234636234643963646134
63343639356461383136333062613264656330333863323131643936313432613938313138623663
30343163653333343030326331396131353230356633316135373731626239353235643838636331
64323066333233393733653836373561626536313834366265633333353437373533313831633435
38633532653462303334343933666637613266313562356530336566623265666331663239663361
62623033323239383537313933653236646463356437316333353437383333643135353466636162
37346336386432663433366331303765303937303966333866616165633330643463333961343062
65383465346661353263643664373830653130646535333034613464636630636663656566316333
38616232373262653836316335643235376536666665613030623963303366656162383435623737
66306234626132666232633033393665623066616439373537653333306561306462383362643062
39336430306331663832356638623365373932653231316362383264663439303532656636323165
6363
