$ANSIBLE_VAULT;1.1;AES256
65616335636436653265383463343266323363376136383366613062306563323135626238363262
3764636365323531643865393734393432346561333936610a376265636465343364353766633432
35616336313961633635343739376465333731326434366336353335626362343364343565373366
6636653264373963630a303861353137366661346232333066633965366266636633376433626136
35313561666537326130393663376235336262636466366363613935386662373738313438393736
66666535653762363336346430353536366338666666363736363635623638653566663430613733
37393362313065343461386564373833656431326234313438306135373438303435636666393733
39396631333138326639643236653731373363353335393634353538323636313737346333366332
35323734316664616632623366376261376263653163383830393336303064366234656232366539
30323338613762336161313262363335306136386636386637326636353765336165373330393835
61303862666333356634363230373332313434653163613231393964386233646632663834396337
66333132336465643836623462393632646136663564393531633536366234313935663732356463
31366639353337313834383436643636356535656636646139663830653066316538633064303665
66313763353966343330666262656262376230633734376334323432626561316231376364646661
33343731376363386535656331333430336431653136323762656531333264333831316531343065
61333537323264346433383437316632313662613231333735333735663930613639326466323562
38383430376430623230316161653665313435393365326532626430303136663263303136333833
31656131323032636534646439323833646663396232316635306636653633343632303239303031
34373935396433333338333635333932393538616562316233663930393164346361343338643234
64323962633466353038333264343633333434336563373330643264613533333635366565633463
34343638353864386364653663353364653831363335326161613963343034346534373230383938
63323837313866396535636533336330633539646530633933623336343961303234646463326365
34633733626133303565653333623932393436653534326264643362303439643361316338343562
35313237393031343035366636373431373832333035613633646264373034396166386238386637
63323839376266336537306664373736336265383465633461393130386465623837336130633837
63333532313666306131313237333366346631616336386161376561656135313132643836366539
37663435613664366131626639386537356235383363303234306237396432303063303738306134
38323831343165623537373036613831386132366137663436383332306363326161386262623030
38353366306231376663356233623639633165633064343235346530353861616539623736313139
32653736383561663463643838386436326666326232326335393337353639336531366366646261
31613436376665633463323433326632373531666261313335656463336136643766333934306430
65633838323335343434373065383463346136653764646364643139326264313464333464616236
33316333643861616438353535303935326265386332663737323937316138646531336331336534
63343539613238393966306438313861346338346661623064653661636231396361336165663564
33333263653038643931386436336330623433343131366661346265363634303563323333303231
39663935366161313661383363643066613437663534383232646466636336616436646463316139
65643438633637636234343732383631383438666137343361623330373436363661333134353637
62623539393639316261343736346638366137366636306666303363323766343564313565333830
34636334383537666364363632656530316131356337396163373062356539613036353138663864
31333934343134643735623736366362363964636165363030326332373434363465366163306432
38666463623437303634303435656636316132653666333162356663373539633238373630386639
64613739323261623562333838386534326439666332346231386233656164383966666631646534
31346439636566316430616664633933396133643431356462396430393036353834356534373864
63326537623132396537656232303465653034623638623562326137346461613937316163373835
64383365366233316364626263653635616235613835343731313063653237353930343164643533
65663666303630643334623063333531656538356431643538626438343063663330306166303865
38363932366534666433623630346337306161616238666564633964383365376539323265346531
35303238303832333462346539343466613162393161306463396462376435613433666366366266
64333934386637613835373765333161373437323231303431373032323830623231313866656434
61316164323032636135356635353563366130333233353836633836303362393663623431393934
33613437383834323164616663376635386662636463613965656665373735393065346332326462
38633265646132323738353532383130626239393365366438346532653636656363643930333364
39656434363237613337373438613533303365343632663364633638313061633031646362363166
39343636656363643564363035366339353661316466306538313363323962306234316632383732
61343830363366373862376136376436663135343837373065616531316134396535343139323663
38613765306633633937376331313430303762333330656638666162653661636437383761663064
34306535326363323362313135643639306366643661633130663762313766363933376637616361
36376331616639366230383463363236623330323832306336303339353736343933333934383030
32376634653339633834336636303533313963613264633331343035333465653937646261366563
30383366613038633330303839633664363939386363633662376266626633376535356132383635
30353334633961653563303761616236623536323233336364383939366632376664613531636538
35646363366261623263366131653233343335643665323765386165626563656564666366663866
38323162666438376138656334386638613734663431626636393035386239656561626634356562
66646163373265356565336430633437346262646130346231313439643061626662343334626633
34376665396434383262386361666636316565336538333539343161383766356535643730306131
66313339646363363430353235393330643034393336386332633030633432653939356535333138
39643839613737333066633239326639363061623833323766613234356364376336333436363564
62343432653439306636373666376634313366383261613433646664366638633161353064633263
61663537336163353262323962366663393938623037653265313835333565353937666337356436
39343634306239313362353337366366396538386665643462386463613533313034303663353830
38383536643532316336323837313266373839313734346466323163613166323730613130613939
64343166636331373335376433366463303864333435366662343631616364663266386135313135
38643037643736383439303666356234616534363431643439393162366365356562633432326138
31666631303362306332623436363738336362303734373932656166646565326633336665316534
39613365663163313737396161303338633062626432333139366264663731643561623037373365
33383961663134393736336237346335653439373636383537636132653262373238373330336565
66383032396332623866636432363533646265316233666566326536366666336134643038623536
33656537336230306361333730386266363265613939643462346636383230653666623638613661
34613565663961323661353537633865626266353432623238623135626230373266356666383461
32353632393933663933393865633764336665366232316434313263313062316663303437323561
64643333643936353337653132613263643735306131633166636337336662313632656134643730
30636335666566313530613831303638396137366339343532616339643536326639323539666232
33386236316665613237356639363330336639613432363833613337383339383132393134323564
66346365623336373832626532323430383136386463393239396339313536353932383837313434
66643839383961633361636464346562313434646263336132363836646166373661346634356133
31346536303336383533363766376662366663633039646133666263663765626634363039633262
64316165653663366439386164323238303736613134336435303864353536626665623434343136
63666532336430353061623337373433383163646562336234386239386135636538653039636138
36326439643361373738373065343831633937333835323662313565343934636666373163333862
64383034353663346166363132366434303165376133643664373335313261656266626666373461
37633837366135613632303261323366396532636131376365383832313135663765316463393739
36613465623865663430663334663539323431643338343563396566653561323334643431316439
61636539353764663432623930666336656330336436663663623636613265643137363536373064
39393137396266663636663162656131343535303065653036306432656637613763626439663137
32356662343666643136366666623862666237373336366230656665353766356661306630616537
62343834386366323732323835663362396638353436386463653734366635386637353638313834
65353830346666326264383630333133663163316333303462353338316432653561633935313439
62633431663761383937393238323531323330313262613830373538636337316239356466383164
38393337343038373232386332633564363366396639323134323235663131313666363535646435
64313639653366613566613035613533653836613633636262646464623736633962396166636661
35336162646534303438356661353235383331626362633937646231343064393364306331656462
33636337633135323431663363303834356331313866343337633462343766373962313434353632
33663230366432656339653663383765363162333238346531306236333430353730333631376132
32373161653237326564373736313131326436343731343430393865313562363162646537343437
35353038663135323661303062333236393931663337333364643862646236643731356366303363
35633534366339353133383034656633623039646638383437623235616337326339363838396236
32383933393735626437636535333238313831643062313862646136633665633166656665396431
66643735383839303862626334633034663336336237383965393336653238663132666437323934
62323065653965633334313263616665663366306536306534633936383733386233366138376338
35633130373839383639613138616463373836316465663262643738616330326465626362613934
31356535626661633462373333333234363364313331303335343961626664366665613566636437
35313538303839663963396239653134663638666363656538316662396434326231663939333631
30373731303632346336643139323431343233623132326361303330626133373364313338313535
32343339643030343036313166643565663935653964366539653230333064373237636433396137
33623532393861303635653766346537393130666332653538653333306565623332356563353738
31356531623665623261323636383735666231623361643232343334633863663932316361366339
34396635623831623762386366356663643966346632383261333364333630663030386436353465
31653061373037303830633730656534343931376230646564383864346632613134396464653764
66643065623037303934623365623139316431613963623966336464383435383963393134613564
62323032316562623733376661356135306261653066636339643438666161363365653535386134
39313161313762623738316237366339633936353835666163363831646164396561653265633933
61366431623432333531656362346235303937666263666231336166363464353232316133393363
36646361303863366337383465393330323438306164386538663763656233653561313263356335
35653364363335646666366362653334373731376536386233633635373636343261666533343065
35326337353732653363303766643734626530363837356261343962303130626364626230663762
37646636353137653238613937316136333461373739656437373238363534623166633161323666
39633231313331383536343765333961353836373431306565383966376538323835323631333232
62616466616465623163373837353638393937353266343332386662353230326439326463323838
66326166386663376631346131623563356361633966346566663538316262643130353532353064
30383039303234616464333835383930366433366264303964306465666361663433666461373135
61643964363064353766373436656365623338373430336534613136363763633365363833646166
32383065323361336537396534616230633061363435363935373663633861383431393431646535
31323331323930393439663262626563306230613861346239626435616338663630303134643033
31353736383136393230303937323563376437656265353634323930313433383230333735386464
65383233663238306665636332353362353238393933643933323065323261333137333666343762
61336164613831623064626138316566306130356564663135363764316362613133393039363566
64646565353162313965383461626235373432353365313030353837363232306136313963386665
66633965303933393938386566653366313834366663363738663833363764643833373538306431
34633530653762613365323464316538643666323663633330303666616333626366303565336331
66643862343832663939336163366130306237303533386463333939363630623461316430353235
35346666636363336665356665376664376537643134326464346137663632623031393436616133
66336162623939376463663138646334613763383830396366343935636434326465356663393238
35363731633061663439653361643239313639323664363739616333626164313165313363633965
34383465366534313339373936613533353166653035653535336263613238613964626163663531
38313138376262333064616132656262646164636264356163353136313462353563656436366537
30396431356266663230396334616537636531366633353865376535343233346335643530353936
35336334643831663539396337666439303334343465633161303563383563636364303331333361
64393834356562316264623138326533356165333031353262363766636532336263653939323564
30383037393133646431376534383030326664376662643931613232366463323763303430396361
36383333643330336164396636396535366230363630346363396566646665356339626161653839
64393732363536346266313730663735633637383038636264653032363039386132396139653032
37643539346166623465323362363765663033636465323533353161346430363866393535623964
33316230613738666530373964643662653765346634353139356433643135363535323136393566
62356365633265663239303634373738393962363036386133366131393538663134626633653834
61333531333431336564383438303734626264393437363231616633653038323133386635306234
30646430633330666235666465383965636263363962656532623665326266623466356462636461
61366538646434386138663237616262373363386165346564643232343764646262363963656339
62626632323236653037363832656663663534383066656365396263396463643531656462353534
39336131366331373939653736373239353836363331336532336330666465633037636264316465
34333031633863656436376561623935613235346434663030376331663634356363373563656237
35663066396463643731396439393666303130393366363534666263643366336137323538633466
33383334303832656238633832633165643735383338363632363031326165306332366164336338
65313466663365623332346639336432633862336361373065626464303364353239373638663239
30373364353433326164323330616635656537306138326362333865393566323362353865363166
33363639313537643930376435363037623639336535316461656163313566623037383032616561
32316266356332623564336462396161323030323366663631386634373638393332333863653862
61626537613131383931653463393364613565313734623862623439303133353136303463363465
36393530383964396164666338323132626161643965633062323734343936663439376162396663
62393362653038303836623135383163353564386236613962333564306361373134643036613336
62386531616161323266653264383331363435613565333465396231616434326636666538336432
66323466376262326635393839616466666136316563336131383637653939666362623730313365
37356431633233346262336439663737636261373462353431356530306664313832346237306233
62613732323136303636376265633735383865646534616336663835666461633031
