$ANSIBLE_VAULT;1.1;AES256
33623462613932663961333037643163356362346530343230306130373262363439386136333664
3762653965313532343261616166346530656235353864610a346339323933306462666562616436
63383666666130353932313838386562306361663132616334653734306137663233613630656166
3337666439376666620a663861653866613338396461366538373465326334316166353464356261
34346430646162386530336161613836366237353130376237653363363535663630366464313632
37333533353136343062313135333765376631316561643039376564646239633666636635616632
30376435663736613936666430393065386437383339313136366130353030373263303830636164
37323137373661653031366365633465313362613466626565333532396266353866353734373536
35643965373966663038623837653036653531366665376463363264663238306261313866353338
38663563303131663839613732626366646161303065316634643739623538353839643431373131
34313937336538393764353935613062376434396134646662653336636539363062366363663438
32643639613030333662646663336138326366373265633765656661623235343238353537376137
63616361333631613235663735373031363764633761313539663762383962393636383666343933
62383661363139376532666165356637306232616133663362643632623166376533653236643534
31646232656263333936616433646638666365376361613037386136663235623466313362326331
33386433366465303865306130356131336434343233643662323436333336326133636437386334
65353466323361323039393833643433343435333434613137323632313837643436623664613565
65366538333433626633346662363239626235656536363436316263323739663532303231623338
65363635393239333965306137356335326639363262653837303862356462663435386536616164
38333962323638326636613364303662353239383239323131366230363134396663363066626563
64626263376261663038353737373664323337366165366365346231626461323765373162656634
34353133316430616161626437343934626239303961383732313865396630616566336634616639
33303862326563303566343163396134623732663138336235326139396336326639663537313337
39313166313933313163656665313361386334366530636535396363346538616363343766356136
33363739343832343232316662333030373535353039393132323766663666316561323235386435
65646538333832356331366664313533643330346162303362386433323034356561626639363262
31623365353837326161653564316430363736353734373237643038633830616434626635353032
38306334653139336531643038366239393938333031306435613139666532366638313530653636
39303761393861326633373030316336303065616630373265333533663861383437363761623565
64353533343836376338613263623239326435396131313563613333663765356137386439343639
37343532623535626564316332383231386135636334373166613032323638653234633131396633
65303162323862613264663630353563333637313738653266316663346663613630663136353266
30313731316437313133303034336333353566383464343564396537623764353236316533663566
35316161656161646138616231646237643833613338646464633661356565623438373364323966
39623132393934313665333639323432313961313339323232623337393137383037643735303631
66623061623039353433623465656635663731353332633630346264663332343063316235663431
61366665663763663134643966663839616333366132333461303165653733306337633231376537
38386366353664353464666533356531636334643930663865656538326134396636636432656234
63323534643230383531383139306234613365623635393338663131626135663661643339356635
34306338653465303632626239396436653939303762313365353838373939333164386432363939
65383638393836623462613537636237386538386438633462336434396337373936323336636638
65363232663837383038346136333533316338336164326637666538653739653238383330613164
38343937653564383435393239653063333731633962636138656430613334356130343163326663
61353534663735663835306336393864646431323538626631363535383034333964366162643164
61306238323663333634663031383836393863623266323639343532356235396366393533393665
66376237313163653339626366643039633536626366653535666136356138333536336531396463
64633863353165613832303536396134663036623361303939656237643935303232326336633236
32633865393733656636663764383164353465383064656531313861313038663834653338363863
34393935376662386639343762663866656630616338303739363030383965353931663330626237
30633032373237363634656362333439323436373633336335623137386438343866383530636531
61366635336135633963646136663635373038346134353964663631356134666366646530303061
38303665353564623662303738623363613535363566626333653331396532323866333539656634
63333231666639666432383138613930636663366232323463396366313163633537353436343030
64333935396261653538303134633838303561303136613233613931353432636361376266613134
33613736613438363731633833663036623832666234666332396537366531393432346135313962
33346565303061363762643434393939373133643565623531306535633234313234633530633063
35303732373833636662356362663866646439383033636462363735626132633031316661323633
61356531363638373935303963386437646330316339373366633561636566396433656337623161
36663461373831323738616330366538303338343536613662646431313735623133343437376462
63656633393837356264326362363364646162663737363263376131373335633039636261363364
66636166383832373937636134613363386565303431333835386463303135313665313265653432
34303036393932386637323464323961363935383532653364626232303233396362363035303663
65353933633737366136633164303930363338656530363932643032326436656230633538313463
65653830323833376135623930643135633836653861383831366432663863323430356531326531
65663638323861303238366665343335396637646536323238333364373336363361363930666433
30663736333062343065623838636633336635326238653230613363663263396336366133383831
37326630333362653138353232643836386333663535616461643936313539633265396231396162
34343337386135616434613035383530626533313661313838343061373639656561626135626338
66643137303138333738643864303663353331626136353034656331623639313835373930386565
64666633393739383331353638396435666432353865376531373832386137353237616162666264
39623538383564643465306234333736343830626233323264303863656262303938363533396635
33613066396534383638363463373734666534643837323736323433653838613839306666366162
64636430613939393138636339663664313938626266623630633333346430356162386461626335
37376233333836623737336630653465626638653035303834633665653364303738333731643731
30616335386361666134363965306138336464356462343235313064356364353233373961343131
34356264323064616338363063363661653930623238663939636338663333666439396561616138
39383334393836653230303737636636333835623336343437613633303465336331356430613265
66303266353733373239366430333964616564383637633834356364356330343934373632303836
36626334666238376665383464396331393435303964346538613739643966343831313738303637
64323433316130303434616630326431376534313765316161333937386531656463373461303765
61616464383332633063376665346639366362643534333761343039393665653063326264393334
62353534313631326565346438333562383034653562626639346334666533313966393135343535
62373166346462323537353263643962336465613139316231373063326436306233373138346333
33666134623961346565326363613737383836636535666133663934366138386537653665316333
37336237666234646163353131636461393739333935613965643132313863373330346339663963
64383366623265313662363366303635336465646337303635383961653039613636363866626239
62616337313930623133373461623465313939366363323561353130336365376330313936623263
36366461666634343734386663666161353232386361393761333838366239616364353563333933
62663832373266663036363937663639346235336465303037373034373864623838616433346330
39646465396436666333353136373437313431353437653139666631346531313330386630326535
39363939313932613862376336663730393438643264626136343634396139336364623163323532
39326239306434613830386539373033333231646430316435653235396561626236383565616466
38303164363230633632323633656639643961386635643730613135653431323639623839393766
62336366396334356364613737653733363332623333313565613761336264323366373432663763
64613633386363306334656135646534643766353632376466623239313239623236326462303633
64316163316231326262623332343866653334323135383139653861343464643866363266353334
64386433653238303530313765313265373339613533363662666431656137643665343637343362
33646534343534366537373763363161653532356466363537393164623136353964313135303164
37646431373361633537666232323063373364663837393662613138383038636438306235616262
39313934643166613934396465366333653966653537313734636535636530376561613265623836
61366366626262633039333934643961633639386165303232373930656566386438333162363464
37613763323864393731306132373232346235666632343536623536326162373736613738663138
33376338373263393830353066613062386532636466633033323261393031643538353966636434
37626131383833653237306639613038303561666134373832386237643161633264396232326437
62646365616530336539323330353864633432623535313563323239616661323539626561346134
65346535663835356264323962613634646265383261653766633837613230313463626531353161
36346333366233636333353030313837666334393437336437666666666661623334396334626330
37326363393166303263353334633239336633653466343238323664386533393238373537386437
35303362633962313230396634633961323264366432346530386365636564363034383961666537
62363439353238303631323363346632393731666633313063623539303732313733633536643835
34376135366236653263386463336632366432336163663063666164656134663830613731633330
64613164393662643933306237343339376433303261646163396434653131363462363430653937
39613462336163323636353039363462646462336533376430626636623734366366613162616533
61353834373162323761383638383232306461383365326633313031376639353235383962343266
32626538623439376266366230653336316431333566366361633566323432376363383663333730
30656532366132343465663261626362323031623133316235636239653863323463353664626238
66633464353139383634643165333631303035343566303433383463666661613065616165376464
30646261653630633236633438653637393164373765616438386530386434396336333431626361
34663633316330323339373563643861373538643537326630643261346433366334303162383831
30666239376563646261343566626361616238643065373435333565376334363238353337346164
37303935666533633463393631616138396665633331393331383564303763396531616132633964
35376631323266396466343331363364373332303236353937643733323837326632633531663030
32313633333866373631376661323133393038626565303164316133636463326661336434353162
37326663303063323461353239623565666539376536396230323461376163613930303266643034
36353961636234386130333835613765376130326261353765623763383230326463616262396634
32386336643831363162303733636161336431633465316339356636643930383664313739396430
39626366363633623732626363333834653837386432636232346333353163663630656233313862
66343966653133633733653335396237393765303435306562316135393533356538376161343839
30613830333365306539663961316263306664316238316563306437393736336530343431313836
37343330383963666361633165356336306465393835323833326537653235383631313463346537
66666138383332363661623830323761323832313865356166373336653536346334343536373437
30616165396163313166653035366630656439646138326231643362363863623537396431366134
64666565303333623631663361653762623966373539313630613433326334353330646135396132
35646438373531653435326638356362653461616432323961633166363232343463636330333432
31343965366136623339616331326531636561303462336430363564396666613366613238636264
66303461663736616533323132373134646362666233333666366433623134386639623434363661
35386565346434316364363161653438346265316531363435613434316230616564663630373263
33653835343534653134616262396665613634623835323463613731656437636435363631313636
35636636366439313161643333613630376262303939326361316366613334326239363336626639
61623530643038316466643464623564303438373433303266396663633537613935306530383966
65636331623666373739633864656331346231383564646339333533333932663066663664666532
65353666386139303036376230373363313730393232393434306532663862396236306338343564
38633732393161393436383938663861623963333662666530653432323638383861366663653133
66636463356261616433313438303731376262653235346339363662666436353865326631346564
38343734663464376237643133303538363833383237303036336533373663376262333338316632
37346664396536376131346336653537383232646463643130346630363366663934666661306665
34336232643631373331303839636135363036613234373864313136643531663631313139386637
61623138333132653634623935363934666139326634636661333433363732353935303434306537
62323430303430353566366234323433333836313166663037306238626166366431303163373035
38383738393539383631333264663761323461633762653430623433323165313233303037366663
66653836653031396163366561386465613361643338623566646131373835316366616135353962
62663738346636643566376338646164633034383130313366656565353463333039643436386433
36646161376130313338353232613430386135313339343062313063383832333736393761323533
38356633616532376137336566663362646363663436356131373032656564306330656237386439
30343539333134336436346439346430613534363562316237316535396231613432633232343164
30366366373632323431346131623766323466623262383536643062363063353463373262356631
30363233376236376330336464303636646431393731633734353462613266623663646231313636
32663035393065303166366437356664383561626235323266363139373161633532656334326231
65656431646663333433373431333633633863396230666431386336346661396538663237633762
63353263383039343335383530636261643234303539653462383966363134636233623433383061
66666137643234636461616665646366326162623162363536313138356232393363353635393164
66643933336333326538393737333239356437663937353363323162356536336230353166373238
39386637323965363833393435373232303965373665343562383466376135373862623561663865
65633963663563306132383961343733353963316463613634663732643863363238313230383163
32656437623366326133306130383334353962333136393862393665653635336539643136663337
63366365356239643038303931646238633434373563313038333265646362666664656438663531
65623830313636646333396162666339353539373133376563356432333333643034356533366564
66663339326136303433393539613262613039663234373635333332316430346637636230353733
32343732626131336439326566623666633461333232666638343137356163653463613864653036
31646239636162363462393035656663353834376539356530376263376637613836636265323166
33386164323134613934623738333132393532393035306165636134643431663366653837393430
38323932373831323262393061336235303030396433333132343663633666653534623031633962
32333436396238613263306430383739613264666361663237313833646535323361
